100003480065297
100035362363875
100003243103002
100013262295922
1497182701
1508638196
100002975211107
1626156281
1813563176
100003383469841
1200986045
100009920255918
1584164221
100025536923298
100003361151028
100007092368491
100017232433097
100001142030109
100000394742859
100000887163224
100000588728848
100001739911824
100000070510374
100028055713802
100003404146084
100039699064595
100048643682326
100003133808715
100001931217703
100044355816020
1434727058
100000117931830
100024423650954
1417460937
100003356089126
100006539837880
1433661908
100002066227671
100000698619932
1637722658
100000186725004
100001060806389
100026871551767
1323944771
100000808420630
100023732783501
100054829007587
100005419422931
100001603449592
100024345633137
1566883393
100006648304587
100000326589557
100026161329606
100008541093790
100056962237213
1065577198
100000349027507
100041837149551
100001062221270
100000529618540
100011825689469
100001087083352
1567959197
100003306295138
100001109122966
100008622643526
100011417857901
1573600966
100011739192982
100000348913287
1630585863
1487569018
100048381412604
100052117508037
100003203079685
100000724431353
1765492237
100004616880330
100005551210343
100010174870693
100001028926412
100002118048810
100002921178785
1140438130
100003504076504
1833256056
1574411606
1535881492
100003306185148
100000280715289
1192975620
1499589384
100002139059063
100000404273141
100011566904207
100000478434240
100000542431794
100001912848257
1372806073
100057386263854
100000404273141
100057068516602
1310968284
100000349027507
100002864639032
100001118685672
100027744544547
1640318426
100003243103002
100001964618391
1267491549
1646207721
100001509162945
1139744903
100001062221270
100001142030109
100005656660023
1535881492
100009278630356
100010519296189
100028603187882
100058377152323
100072673603929
100075191925422
100003306295138
100003480065297
100003345281977
100001063506745
100056962237213
100054829007587
100000003858123
100003383469841
100008129286482
100003783078763
100001028926412
100048643682326
1270180438
1606544574
100000542431794
100001822187576
100003203079685
100005286918547
100006536642944
1499518060
100054774214047
100000052916372
100009920255918
100001923453607
100000715341562
100003133808715
1632531235
100072623010919
100002549633643
1168056931
100001087083352
1665014445
100073311760596
100001629715393
1487569018
100003356089126
100000006793934
100001440337459
100004972903514
100011888179348
100032475427779
100000265830290
100000209959374
100000183737644
1620019871
100072977520132
1201064538
1410503524
100004197518504
100002322633739
100025172872960
100011627029192
100001301552701
100001738571209
100035306868233
1481892368
1556357842
100000218177164
1059806428
1647702788
1823208525
100080101021339
100002344222104
100026095599794
1228566765
100009464470062
1437751116
100003137057809
100003530967968
100009898208211
100001643919811
1457326681
100003106714441
100000952366651
100005069201738
1543039085
1343468548
1187932890
100002369109332
100000402040445
100001102784239
100003173313930
100003291400606
100001001344131
1459770287
100012073480219
100003933805061
100000098396637
100007786183782
100000510818484
1597440457
100010299607227
100002305279889
100010347545490
100000683670157
1543530502
100000620735748
1082554413
1622970237
100005257036405
100001331481625
1583063186
100004004610655
100029235545721
100002134586481
100010104183878
100002080763633
1543066009
100016353046032
100000511414495
